628
0 L 7 2 1
0 D 106 2 1
0 L 8 2 0
0 D 106 2 0
0 L 9 2 0
0 D 106 2 0
0 L 2 3 1
0 D 106 3 1
0 L 4 3 0
0 D 106 3 0
0 L 8 3 0
0 D 106 3 0
0 L 9 3 0
0 D 106 3 0
0 L 5 23 1
0 D 106 23 1
0 L 3 35 1
0 D 106 35 1
0 L 4 35 0
0 D 106 35 0
0 L 5 35 0
0 D 106 35 0
0 L 6 35 0
0 D 106 35 0
0 L 7 35 0
0 D 106 35 0
0 L 8 35 0
0 D 106 35 0
0 L 9 35 0
0 D 106 35 0
0 L 6 142 1
0 D 106 142 1
0 L 8 146 1
0 D 106 146 1
0 L 9 146 0
0 D 106 146 0
0 L 2 323 1
0 D 106 323 1
0 L 3 323 0
0 D 106 323 0
0 L 4 323 0
0 D 106 323 0
0 L 5 323 0
0 D 106 323 0
0 L 6 323 0
0 D 106 323 0
0 L 7 323 0
0 D 106 323 0
0 L 8 323 0
0 D 106 323 0
0 L 9 323 0
0 D 106 323 0
0 L 5 371 1
0 D 106 371 1
0 L 6 371 0
0 D 106 371 0
0 L 7 371 0
0 D 106 371 0
0 L 8 371 0
0 D 106 371 0
0 L 9 371 0
0 D 106 371 0
0 L 2 30 1
0 D 1043 30 1
0 L 0 31 1
0 D 1043 31 1
0 L 6 32 1
0 D 1043 32 1
0 L 7 32 0
0 D 1043 32 0
0 L 8 32 0
0 D 1043 32 0
0 L 9 32 0
0 D 1043 32 0
0 L 5 46 1
0 D 1043 46 1
0 L 6 46 0
0 D 1043 46 0
0 L 7 46 0
0 D 1043 46 0
0 L 9 46 0
0 D 1043 46 0
0 L 6 95 1
0 D 1043 95 1
0 L 7 95 0
0 D 1043 95 0
0 L 8 95 0
0 D 1043 95 0
0 L 9 95 0
0 D 1043 95 0
0 L 0 157 1
0 D 1043 157 1
0 L 9 160 1
0 D 1043 160 1
0 L 8 36 1
0 D 141 36 1
0 L 9 36 0
0 D 141 36 0
0 L 9 235 1
0 D 141 235 1
0 L 2 280 1
0 D 141 280 1
0 L 3 280 0
0 D 141 280 0
0 L 4 280 0
0 D 141 280 0
0 L 5 280 0
0 D 141 280 0
0 L 6 280 0
0 D 141 280 0
0 L 7 280 0
0 D 141 280 0
0 L 8 280 0
0 D 141 280 0
0 L 9 280 0
0 D 141 280 0
0 L 6 305 1
0 D 141 305 1
0 L 5 23 1
0 D 290 23 1
0 L 1 54 1
0 D 290 54 1
0 L 3 74 1
0 D 290 74 1
0 L 4 74 0
0 D 290 74 0
0 L 5 74 0
0 D 290 74 0
0 L 9 74 0
0 D 290 74 0
0 L 6 195 1
0 D 290 195 1
0 L 3 233 1
0 D 290 233 1
0 L 0 296 1
0 D 290 296 1
0 L 4 375 1
0 D 290 375 1
0 L 5 375 0
0 D 290 375 0
0 L 6 375 0
0 D 290 375 0
0 L 7 375 0
0 D 290 375 0
0 L 8 375 0
0 D 290 375 0
0 L 9 375 0
0 D 290 375 0
0 L 6 104 1
0 D 1152 104 1
0 L 7 104 0
0 D 1152 104 0
0 L 8 104 0
0 D 1152 104 0
0 L 9 104 0
0 D 1152 104 0
0 L 5 244 1
0 D 1152 244 1
0 L 1 261 1
0 D 1152 261 1
0 L 4 278 1
0 D 1152 278 1
0 L 5 278 0
0 D 1152 278 0
0 L 6 278 0
0 D 1152 278 0
0 L 7 278 0
0 D 1152 278 0
0 L 8 278 0
0 D 1152 278 0
0 L 9 278 0
0 D 1152 278 0
0 L 8 279 1
0 D 1152 279 1
0 L 4 281 1
0 D 1152 281 1
0 L 5 281 0
0 D 1152 281 0
0 L 6 281 0
0 D 1152 281 0
0 L 7 281 0
0 D 1152 281 0
0 L 8 281 0
0 D 1152 281 0
0 L 9 281 0
0 D 1152 281 0
0 L 4 375 1
0 D 1152 375 1
0 L 5 375 0
0 D 1152 375 0
0 L 6 375 0
0 D 1152 375 0
0 L 7 375 0
0 D 1152 375 0
0 L 8 375 0
0 D 1152 375 0
0 L 9 375 0
0 D 1152 375 0
0 L 6 45 1
0 D 1081 45 1
0 L 7 45 0
0 D 1081 45 0
0 L 8 45 0
0 D 1081 45 0
0 L 9 45 0
0 D 1081 45 0
0 L 5 71 1
0 D 1081 71 1
0 L 3 282 1
0 D 1081 282 1
0 L 4 352 1
0 D 1081 352 1
0 L 6 142 1
0 D 294 142 1
0 L 1 143 1
0 D 294 143 1
0 L 2 143 0
0 D 294 143 0
0 L 3 143 0
0 D 294 143 0
0 L 6 143 0
0 D 294 143 0
0 L 7 143 0
0 D 294 143 0
0 L 8 257 1
0 D 294 257 1
0 L 4 350 1
0 D 294 350 1
0 L 5 350 0
0 D 294 350 0
0 L 6 350 0
0 D 294 350 0
0 L 7 350 0
0 D 294 350 0
0 L 8 350 0
0 D 294 350 0
0 L 9 350 0
0 D 294 350 0
0 L 4 57 1
0 D 84 57 1
0 L 5 57 0
0 D 84 57 0
0 L 6 57 0
0 D 84 57 0
0 L 7 57 0
0 D 84 57 0
0 L 8 57 0
0 D 84 57 0
0 L 9 57 0
0 D 84 57 0
0 L 7 68 1
0 D 84 68 1
0 L 0 157 1
0 D 84 157 1
0 L 0 296 1
0 D 84 296 1
0 L 6 90 1
0 D 968 90 1
0 L 3 167 1
0 D 968 167 1
0 L 4 167 0
0 D 968 167 0
0 L 5 167 0
0 D 968 167 0
0 L 6 167 0
0 D 968 167 0
0 L 7 167 0
0 D 968 167 0
0 L 8 167 0
0 D 968 167 0
0 L 9 167 0
0 D 968 167 0
0 L 4 246 1
0 D 968 246 1
0 L 7 246 0
0 D 968 246 0
0 L 8 246 0
0 D 968 246 0
0 L 5 154 1
0 D 1103 154 1
0 L 6 154 0
0 D 1103 154 0
0 L 7 154 0
0 D 1103 154 0
0 L 8 154 0
0 D 1103 154 0
0 L 9 154 0
0 D 1103 154 0
0 L 1 28 1
0 D 1164 28 1
0 L 5 359 1
0 D 1164 359 1
0 L 6 359 0
0 D 1164 359 0
0 L 7 359 0
0 D 1164 359 0
0 L 8 359 0
0 D 1164 359 0
0 L 9 359 0
0 D 1164 359 0
0 L 7 76 1
0 D 1055 76 1
0 L 8 76 0
0 D 1055 76 0
0 L 9 76 0
0 D 1055 76 0
0 L 3 290 1
0 D 1055 290 1
0 L 4 290 0
0 D 1055 290 0
0 L 5 290 0
0 D 1055 290 0
0 L 6 290 0
0 D 1055 290 0
0 L 7 290 0
0 D 1055 290 0
0 L 8 290 0
0 D 1055 290 0
0 L 9 290 0
0 D 1055 290 0
0 L 2 384 1
0 D 1055 384 1
0 L 2 55 1
0 D 6 55 1
0 L 0 179 1
0 D 6 179 1
0 L 2 215 1
0 D 6 215 1
0 L 3 215 0
0 D 6 215 0
0 L 4 215 0
0 D 6 215 0
0 L 5 215 0
0 D 6 215 0
0 L 6 215 0
0 D 6 215 0
0 L 7 215 0
0 D 6 215 0
0 L 8 215 0
0 D 6 215 0
0 L 9 215 0
0 D 6 215 0
0 L 3 299 1
0 D 6 299 1
0 L 4 299 0
0 D 6 299 0
0 L 5 299 0
0 D 6 299 0
0 L 6 299 0
0 D 6 299 0
0 L 7 299 0
0 D 6 299 0
0 L 8 299 0
0 D 6 299 0
0 L 9 299 0
0 D 6 299 0
0 L 7 392 1
0 D 6 392 1
0 L 6 398 1
0 D 6 398 1
0 L 7 398 0
0 D 6 398 0
0 L 8 398 0
0 D 6 398 0
0 L 9 398 0
0 D 6 398 0
0 L 1 198 1
0 D 25 198 1
0 L 5 208 1
0 D 25 208 1
0 L 6 208 0
0 D 25 208 0
0 L 7 208 0
0 D 25 208 0
0 L 8 208 0
0 D 25 208 0
0 L 9 208 0
0 D 25 208 0
0 L 4 241 1
0 D 25 241 1
0 L 5 241 0
0 D 25 241 0
0 L 6 241 0
0 D 25 241 0
0 L 7 241 0
0 D 25 241 0
0 L 8 241 0
0 D 25 241 0
0 L 9 241 0
0 D 25 241 0
0 L 0 247 1
0 D 25 247 1
0 L 8 255 1
0 D 25 255 1
0 L 9 255 0
0 D 25 255 0
0 L 4 270 1
0 D 25 270 1
0 L 5 270 0
0 D 25 270 0
0 L 6 270 0
0 D 25 270 0
0 L 7 270 0
0 D 25 270 0
0 L 8 270 0
0 D 25 270 0
0 L 9 270 0
0 D 25 270 0
0 L 5 397 1
0 D 25 397 1
0 L 6 397 0
0 D 25 397 0
0 L 7 397 0
0 D 25 397 0
0 L 8 397 0
0 D 25 397 0
0 L 9 397 0
0 D 25 397 0
0 L 4 9 1
0 D 1027 9 1
0 L 8 9 0
0 D 1027 9 0
0 L 1 28 1
0 D 1027 28 1
0 L 5 113 1
0 D 1027 113 1
0 L 3 121 1
0 D 1027 121 1
0 L 3 164 1
0 D 1027 164 1
0 L 4 164 0
0 D 1027 164 0
0 L 5 164 0
0 D 1027 164 0
0 L 6 164 0
0 D 1027 164 0
0 L 7 164 0
0 D 1027 164 0
0 L 8 164 0
0 D 1027 164 0
0 L 9 164 0
0 D 1027 164 0
0 L 7 220 1
0 D 1027 220 1
0 L 4 221 1
0 D 1027 221 1
0 L 5 221 0
0 D 1027 221 0
0 L 6 221 0
0 D 1027 221 0
0 L 7 221 0
0 D 1027 221 0
0 L 8 221 0
0 D 1027 221 0
0 L 9 221 0
0 D 1027 221 0
0 L 6 231 1
0 D 1027 231 1
0 L 7 248 1
0 D 1027 248 1
0 L 8 248 0
0 D 1027 248 0
0 L 3 328 1
0 D 1027 328 1
0 L 4 328 0
0 D 1027 328 0
0 L 5 328 0
0 D 1027 328 0
0 L 6 328 0
0 D 1027 328 0
0 L 7 328 0
0 D 1027 328 0
0 L 8 328 0
0 D 1027 328 0
0 L 9 328 0
0 D 1027 328 0
0 L 5 26 1
0 D 866 26 1
0 L 6 26 0
0 D 866 26 0
0 L 7 26 0
0 D 866 26 0
0 L 8 26 0
0 D 866 26 0
0 L 9 26 0
0 D 866 26 0
0 L 1 39 1
0 D 866 39 1
0 L 8 52 1
0 D 866 52 1
0 L 9 52 0
0 D 866 52 0
0 L 6 104 1
0 D 866 104 1
0 L 7 104 0
0 D 866 104 0
0 L 8 104 0
0 D 866 104 0
0 L 9 104 0
0 D 866 104 0
0 L 3 177 1
0 D 866 177 1
0 L 5 177 0
0 D 866 177 0
0 L 6 177 0
0 D 866 177 0
0 L 7 177 0
0 D 866 177 0
0 L 8 177 0
0 D 866 177 0
0 L 9 177 0
0 D 866 177 0
0 L 5 286 1
0 D 866 286 1
0 L 2 384 1
0 D 866 384 1
0 L 3 167 1
0 D 263 167 1
0 L 4 167 0
0 D 263 167 0
0 L 5 167 0
0 D 263 167 0
0 L 6 167 0
0 D 263 167 0
0 L 7 167 0
0 D 263 167 0
0 L 8 167 0
0 D 263 167 0
0 L 9 167 0
0 D 263 167 0
0 L 5 206 1
0 D 263 206 1
0 L 6 206 0
0 D 263 206 0
0 L 7 206 0
0 D 263 206 0
0 L 8 206 0
0 D 263 206 0
0 L 5 241 1
0 D 263 241 1
0 L 6 241 0
0 D 263 241 0
0 L 7 241 0
0 D 263 241 0
0 L 8 241 0
0 D 263 241 0
0 L 9 241 0
0 D 263 241 0
0 L 3 242 1
0 D 263 242 1
0 L 4 242 0
0 D 263 242 0
0 L 5 242 0
0 D 263 242 0
0 L 6 242 0
0 D 263 242 0
0 L 7 242 0
0 D 263 242 0
0 L 8 242 0
0 D 263 242 0
0 L 9 242 0
0 D 263 242 0
0 L 5 244 1
0 D 263 244 1
0 L 6 45 1
0 D 336 45 1
0 L 7 45 0
0 D 336 45 0
0 L 8 45 0
0 D 336 45 0
0 L 9 45 0
0 D 336 45 0
0 L 5 62 1
0 D 336 62 1
0 L 6 62 0
0 D 336 62 0
0 L 7 62 0
0 D 336 62 0
0 L 8 62 0
0 D 336 62 0
0 L 9 62 0
0 D 336 62 0
0 L 6 104 1
0 D 336 104 1
0 L 7 104 0
0 D 336 104 0
0 L 8 104 0
0 D 336 104 0
0 L 9 104 0
0 D 336 104 0
0 L 0 140 2
0 D 336 140 2
0 L 5 144 1
0 D 336 144 1
0 L 6 144 0
0 D 336 144 0
0 L 7 144 0
0 D 336 144 0
0 L 8 144 0
0 D 336 144 0
0 L 9 144 0
0 D 336 144 0
0 L 0 157 1
0 D 336 157 1
0 L 3 237 1
0 D 336 237 1
0 L 4 237 0
0 D 336 237 0
0 L 4 317 0
0 L 4 205 1
0 L 4 293 1
0 L 4 123 0
0 L 4 375 1
0 L 4 237 0
0 L 4 345 0
0 L 4 163 0
0 L 4 242 0
0 L 4 163 0
0 L 4 239 0
0 L 4 199 0
0 L 4 180 0
0 L 4 70 0
0 L 4 327 0
0 L 4 262 0
0 L 4 132 0
0 L 4 283 0
0 L 4 237 0
0 L 4 283 0
